1	1383260400000	0	0.08136262351125882				
1	1383260400000	39	0.14186425470242922	0.1567870050390246	0.16093793691701822	0.052274848528573205	11.028366381681026
1	1383261000000	0	0.13658782275823106			0.02730046487718618	
1	1383261000000	33					0.026137424264286602
1	1383261000000	39	0.27845207746066025	0.11992572014174135	0.1887771729145041	0.13363747203983203	11.100963451409388
1	1383261600000	0	0.05343788914147278				
1	1383261600000	39	0.3306414276169333	0.1709520296851148	0.13417624316013174	0.05460092975437236	10.892770602791096
1	1383262200000	0	0.026137424264286602				
1	1383262200000	39	0.6814340796890551	0.22081529861558874	0.02730046487718618	0.05343788914147278	8.622424590989748
1	1383262800000	0	0.02730046487718618				
1	1383262800000	39	0.24337810266887647	0.1928905642458027	0.05343788914147278	0.08073835401865896	8.009927462445756
1	1383263400000	0	0.02730046487718618				
1	1383263400000	39	0.0563882398598718	0.24337810266887647	0.02730046487718618	0.02730046487718618	8.1184195540896
1	1383264000000	0	0.029712044475285478			0.003574620210998875	
1	1383264000000	39	0.13533928377303134	0.0849372437222577	0.05343788914147278	0.0017873101054994376	8.026269748512151
1	1383264600000	0	0.02730046487718618				
1	1383264600000	39	0.1887771729145041	0.026137424264286602	0.0017873101054994376	0.05460092975437236	8.514178577183893
1	1383265200000	39	0.24221506205597687	0.16031366742441833	0.10803881889584513	0.026137424264286602	6.8334248963840505
1	1383265800000	0	0.02730046487718618			0.02730046487718618	
1	1383265800000	39	0.2944899105845501	0.2457041838946756	0.02730046487718618	0.08073835401865896	6.55460504454769
1	1383266400000	0	0.026137424264286602				
1	1383266400000	39	0.10803881889584513	0.10803881889584513			7.338716012816092
1	1383267000000	0	0.02730046487718618				
1	1383267000000	39	0.05701250935247166	0.14490010379312837			6.779704731239178
1	1383267600000	39	0.13953817347663006	0.05522519924697222			7.19216205511537
1	1383268200000	39		0.05343788914147278		0.02730046487718618	7.503314068316409
1	1383268800000	39	0.02730046487718618	0.05460092975437236	0.02792473436978604		6.169533683920985
1	1383269400000	0	0.02730046487718618				
1	1383269400000	39	0.05996286007087068	0.0563882398598718		0.029087774982685617	7.605452185775456
1	1383270000000	39	0.13417624316013174	0.05343788914147278		0.05343788914147278	6.56956533543098
1	1383270000000	49					0.02730046487718618
1	1383270600000	39	0.02730046487718618	0.02730046487718618		0.026137424264286602	6.1398216394456995
1	1383271200000	0	0.02730046487718618				
1	1383271200000	39	0.19351483373840256	0.2190279885100893		0.026137424264286602	6.027583930846255
1	1383271800000	39	0.2463284533872755	0.2730046487718618			5.686304140968626
1	1383272400000	39	0.10920185950874473	0.10803881889584513	0.0017873101054994376		5.957398440715992
1	1383273000000	39	0.30387973386004685	0.052274848528573205			5.466614342419241
1	1383273600000	39	0.08073835401865896	0.05343788914147278			4.652791329675553
1	1383274200000	39	0.19110325414030327	0.18994021352740367			5.231377524040662
1	1383274800000	39	0.10803881889584513	0.07957531340575938			5.304636403808319
1	1383275400000	39	0.1887771729145041	0.10920185950874473			5.137845723280107
1	1383276000000	39			0.0017873101054994376		4.759410612841599
1	1383276600000	0	0.0017873101054994376				
1	1383276600000	39		0.07841227279285981	0.0017873101054994376		5.0708191211595395
1	1383277200000	39		0.02730046487718618	0.0017873101054994376		5.464912530686042
1	1383277800000	0	0.003574620210998875				
1	1383277800000	39	0.052274848528573205	0.21670190728429015		0.026137424264286602	5.639305724384251
1	1383278400000	0	0.026137424264286602				
1	1383278400000	39	0.02792473436978604	0.026137424264286602	0.026137424264286602	0.026137424264286602	6.085673982439326
1	1383278400000	46					0.026137424264286602
1	1383279000000	39		0.08190139463155853			5.566708654655889
1	1383279600000	39	0.052274848528573205	0.07841227279285981			6.165078299100485
1	1383280200000	39	0.03149935458078491		0.0017873101054994376	0.07841227279285981	5.603116666805172
1	1383280800000	39	0.0017873101054994376				5.942475690379397
1	1383281400000	0	0.02730046487718618			0.052274848528573205	
1	1383281400000	39		0.008936550527497188		0.02730046487718618	5.452401359947546
1	1383282000000	39	0.026137424264286602	0.032662395193684496		0.026137424264286602	6.1509987728266955
1	1383282600000	39	0.0017873101054994376	0.003574620210998875		0.026137424264286602	5.804810325380567
1	1383283200000	0	0.02730046487718618				
1	1383283200000	39	0.02792473436978604		0.0563882398598718		5.46599007292664
1	1383283800000	0				0.02730046487718618	
1	1383283800000	39		0.02730046487718618	0.02792473436978604		5.991517912186172
1	1383284400000	0	0.052274848528573205				
1	1383284400000	39			0.08019958289835925		6.045323575703345
1	1383285000000	0	0.026137424264286602				
1	1383285000000	39	0.05343788914147278	0.052274848528573205	0.052274848528573205	0.052274848528573205	5.957483939088293
1	1383285000000	40				0.026137424264286602	
1	1383285600000	0	0.10803881889584513				
1	1383285600000	39	0.08610028433515728	0.05406215863407264	0.05343788914147278	0.08073835401865896	6.640460593426143
1	1383286200000	0	0.026137424264286602				
1	1383286200000	39	0.02730046487718618	0.0017873101054994376	0.07957531340575938	0.08019958289835925	7.0092000852653635
1	1383286800000	0	0.08073835401865896				
1	1383286800000	39	0.08136262351125882	0.05522519924697222	0.0017873101054994376	0.08136262351125882	6.160143860645488
1	1383287400000	0	0.0017873101054994376				
1	1383287400000	39	0.16683863835381624	0.02730046487718618	0.05460092975437236	0.05701250935247166	7.79788947727326
1	1383287400000	420	0.026137424264286602				
1	1383288000000	39	0.1372120922508309	0.052274848528573205	0.0017873101054994376	0.13828963449143034	7.309884732950306
1	1383288600000	0	0.05460092975437236				
1	1383288600000	39	0.0825256641241584	0.05406215863407264	0.052274848528573205	0.05701250935247165	8.01592542191505
1	1383289200000	0	0.32715230577823456				
1	1383289200000	39	0.47026509946586353	0.22572395618408747	0.10633700716264585	0.07957531340575938	9.431191468740728
1	1383289800000	0	0.11635109993074247		0.026137424264286602		
1	1383289800000	39	0.13775086337113063	0.07846023061846491	0.108663088388445	0.29216382935875096	9.08251636060311
1	1383290400000	0	0.223226878213688		0.026137424264286602	0.012511170738496063	
1	1383290400000	39	0.5095755045079411	0.18591232056840523	0.189401442407104	0.052274848528573205	8.340409652978284
1	1383291000000	0	0.27138833541096263			0.005361930316498313	
1	1383291000000	39	0.13953817347663006	0.18886267128680426	0.303965232232347	0.25177588207607393	10.518263865712981
1	1383291600000	0	0.2957384495697498	0.02730046487718618			
1	1383291600000	39	0.4055645785710944	0.5124403568540399	0.19181302200520325	0.3337627750799326	10.46374843433091
1	1383292200000	0	0.223226878213688				
1	1383292200000	355				0.026137424264286602	
1	1383292200000	39	0.5451027520477244	0.21795044626948984	0.20843758407499793	0.223226878213688	12.04465253835081
1	1383292800000	0	0.4358153941666796				
1	1383292800000	39	0.4037772684655949	0.1372120922508309	0.4554278475015683	0.36052446883681905	11.808594672848532
1	1383293400000	0	0.3063768118304463				
1	1383293400000	39	0.1788110379720126	0.24936430247797461	0.40789065979689354	0.4834380802436545	11.383993952609543
1	1383293400000	7		0.0017873101054994376			
1	1383294000000	0	0.033286664686284356				
1	1383294000000	39	0.515390707572439	0.38895043378020977	0.5218301801295367	0.43885124325737873	10.905550028306685
1	1383294000000	40	0.02730046487718618				
1	1383294000000	44				0.026137424264286602	
1	1383294000000	46					0.026137424264286602
1	1383294600000	0	0.19422460160330257			0.0017873101054994376	
1	1383294600000	39	0.4044015379581948	0.3004761103936483	0.24882553135767493	0.5434864386868252	11.563258263329555
1	1383295200000	0	0.33135119548183334				
1	1383295200000	33					0.026137424264286602
1	1383295200000	39	0.6501912202251705	0.5956757888430984	0.7048776483518431	0.5813397674524079	12.86225870859679
1	1383295800000	0	0.21258851595299155				
1	1383295800000	33					0.026137424264286602
1	1383295800000	39	0.6662770111746654	0.4418015939757778	0.5724887152972108	0.7863257702354021	12.533440789250767
1	1383296400000	0	0.37880288481420793		0.02730046487718618	0.026137424264286602	
1	1383296400000	359	0.026137424264286602	0.02730046487718618			
1	1383296400000	39	0.6051511104908952	0.5208381362612374	0.4846866192288542	0.5066251537895421	15.40678282706181
1	1383296400000	49				0.02730046487718618	
1	1383297000000	0	0.4957782542375503			0.0017873101054994376	
1	1383297000000	39	1.0593304190072639	0.7790910314411041	0.5903138585266001	0.8925772790257476	12.479954942283687
1	1383297600000	0	0.1674629078464161		0.02730046487718618	0.02730046487718618	
1	1383297600000	39	0.7107783497886411	0.6823148442985554	0.8372665814064754	0.8063914963182903	12.045618801332608
1	1383298200000	0	0.32008856372853695				
1	1383298200000	33					0.026137424264286602
1	1383298200000	39	0.6501912202251705	0.44063855336287816	0.5700771356991114	1.1212036281026292	13.148142302482846
1	1383298200000	40				0.026137424264286602	
1	1383298800000	0	0.40735188867659383				
1	1383298800000	39	0.5403650912238259	0.5438542130625247	0.7779279908282045	0.8568790347413642	12.69152563348188
1	1383298800000	41	0.026137424264286602		0.026137424264286602	0.02730046487718618	
1	1383298800000	49					0.02730046487718618
1	1383299400000	0	0.43045346385018124				
1	1383299400000	39	0.837719854154475	0.5290649189238347	0.5808864947044082	0.5783039183617087	15.913604758482451
1	1383299400000	41	0.026137424264286602				
1	1383300000000	0	0.11340074921234344				
1	1383300000000	39	0.9925485523433999	0.7947493305290985	0.646077828893872	0.5718644458046109	12.52223787498327
1	1383300600000	0	0.2957384495697498				
1	1383300600000	39	0.6258411060663833	0.5729419880452103	0.7274404524051308	0.857588802606264	13.402794796565217
1	1383301200000	0	0.3218758738340364				
1	1383301200000	355				0.026137424264286602	
1	1383301200000	39	0.691619169201752	0.6334436192363807	0.6786547257152564	0.7838286922650026	15.194514127658913
1	1383301200000	46					0.026137424264286602
1	1383301800000	0	0.18823840179420437				
1	1383301800000	39	0.5207526378889373	0.42343767962608875	0.7001399875279446	0.4038627668378951	13.066656640052594
1	1383301800000	49					0.02730046487718618
1	1383302400000	0	0.3515879183093219				
1	1383302400000	32	0.02730046487718618				
1	1383302400000	39	0.7796298025614039	0.9377028871323232	0.6335291176086808	0.534549888159328	11.4859457097164
1	1383303000000	0	0.32366318393953586				
1	1383303000000	233				0.0017873101054994376	
1	1383303000000	39	0.7920554749275998	0.5130646263466399	0.8403024304971745	0.5529617603346222	11.536753064689568
1	1383303000000	41			0.02730046487718618		
1	1383303600000	0	0.2945754089568502	0.003574620210998875			
1	1383303600000	39	0.843706053963573	0.685094198272354	0.6573404606471682	0.6229762537202845	12.565341854806553
1	1383304200000	0	0.2986888002881488				
1	1383304200000	39	0.4898775528007522	0.4975655643430497	0.6853506933892545	0.8389683931396746	11.532025821144579
1	1383304800000	0	0.22027652749528903				
1	1383304800000	39	0.6774916851023568	0.27845207746066025	0.7054164194721427	0.7629676999449142	11.724047380441077
1	1383305400000	0	0.2731756455164621				
1	1383305400000	355				0.026137424264286602	
1	1383305400000	39	0.94646844091522	0.5111918178688403	0.4852253903491539	0.736377002932628	12.718997095103669
1	1383306000000	0	0.43295054182058074			0.08190139463155853	
1	1383306000000	20				0.07841227279285981	
1	1383306000000	355			0.026137424264286602		
1	1383306000000	380				0.05460092975437236	
1	1383306000000	39	0.8117534266347886	0.7018417992611439	0.5996181834297967	0.4103022393949929	13.93830960532506
1	1383306000000	46					0.026137424264286602
1	1383306600000	0	0.1865365900610051			0.02730046487718618	
1	1383306600000	20				0.0017873101054994376	
1	1383306600000	370	0.026137424264286602			0.026137424264286602	
1	1383306600000	39	0.5083269655227414	0.24525091114667605	0.35391399953512104	0.29752575967524925	12.358349587347854
1	1383307200000	0	0.40323849734529527			0.026137424264286602	
1	1383307200000	20				0.10454969705714641	
1	1383307200000	39	0.38005142379940765	0.24874003298537478	0.5522519924697222	0.42875165211698196	11.861114256833808
1	1383307200000	45			0.02730046487718618		
1	1383307200000	46					0.026137424264286602
1	1383307800000	0	0.3236631839395358				
1	1383307800000	39	0.3331385055873327	0.6745413343839577	0.4642788996567654	0.37826411369390817	12.695650784473376
1	1383308400000	0	0.16272524702251764				
1	1383308400000	39	0.7030903382463436	0.6977284079298454	0.24882553135767493	0.3312656971095332	11.943651680618162
1	1383309000000	0	0.0563882398598718				
1	1383309000000	39	0.6340678887289806	0.6548433826767689	0.40207545673239564	0.37531376297550917	13.029903030466716
1	1383309000000	44		0.02730046487718618			
1	1383309000000	46					0.0017873101054994376
1	1383309000000	48			0.026137424264286602		
1	1383309600000	0	0.1348005126527316				
1	1383309600000	39	0.7207924425567377	0.6602053129932672	0.3753992613478094	0.5130646263466399	13.28515761710258
1	1383310200000	0	0.24408787053377645				
1	1383310200000	39	1.0383839283148752	0.5277308815663347	0.3646378601681176	0.6093875407411891	15.365035061535135
1	1383310200000	41			0.02730046487718618		
1	1383310800000	0	0.2661119034667645			0.05343788914147278	
1	1383310800000	20				0.05343788914147278	
1	1383310800000	357	0.026137424264286602				
1	1383310800000	39	0.586616199396606	0.8395926626322745	0.2993130697807487	0.4032384973452952	14.630884620229704
1	1383310800000	44				0.026137424264286602	
1	1383310800000	48			0.026137424264286602		
1	1383311400000	0	0.24167629093567716				
1	1383311400000	39	0.6774061867300566	0.6436662492957727	0.32008856372853695	0.42821288099668225	14.50778825241807
1	1383312000000	0	0.08368870473705797	0.0017873101054994376			
1	1383312000000	39	0.8761974524126573	0.5218301801295367	0.49523948311725047	0.4684777893603641	13.232968266946308
1	1383312600000	0	0.13775086337113063				
1	1383312600000	39	0.6839311576594544	0.8069302674385901	0.3254504940450353	0.4400142838702783	17.555988516335518
1	1383312600000	41	0.0017873101054994376				
1	1383313200000	0	0.13953817347663006			0.02730046487718618	
1	1383313200000	20				0.026137424264286602	
1	1383313200000	39	0.42821288099668225	0.35096364881672204	0.45721515760706777	0.5403650912238259	13.106148459118181
1	1383313800000	0	0.29457540895685025				
1	1383313800000	357	0.026137424264286602				
1	1383313800000	39	0.359729202599619	0.14070121408952965	0.3265280362856347	0.34273686615412485	16.83230770211229
1	1383314400000	0	0.13247443142693244				
1	1383314400000	380				0.02730046487718618	
1	1383314400000	39	0.5671267849807125	0.348013298098323	0.3741507223626096	0.524951527592536	13.725529258069649
1	1383315000000	0	0.030875085088185057				
1	1383315000000	33					0.026137424264286602
1	1383315000000	39	0.4132525901133918	0.43170200283538096	0.4358153941666796	0.38059019491970736	13.75405474261164
1	1383315600000	0	0.29278809885135076				
1	1383315600000	39	0.32062733484883665	0.40198995836009555	0.39966387713429635	0.7096153091757414	14.819431078913805
1	1383316200000	0	0.1900257118997038				
1	1383316200000	39	0.4875514715749531	0.2904620176255516	0.5658782459955127	0.4584636965922675	17.731179237837033
1	1383316800000	0	0.18823840179420437				
1	1383316800000	32					0.0017873101054994376
1	1383316800000	39	0.4922891323988515	0.38076119166430766	0.2696010253054632	0.4352766230463799	13.701215342076269
1	1383317400000	0	0.1633495165151175				
1	1383317400000	39	0.4282128809966823	0.35570130964062047	0.4050258074507947	0.7600173492265152	13.8216436351729
1	1383318000000	0	0.1870753611813048				
1	1383318000000	39	0.7008497553928447	0.4524774967831693	0.5201283683963374	0.5647152053826131	12.636741947322712
1	1383318600000	0	0.07957531340575938				
1	1383318600000	39	0.4293759216095818	0.3836260440104065	0.2446266416540762	0.4614140473106665	11.877104132132093
1	1383318600000	46					0.026137424264286602
1	1383319200000	0	0.2410520214430773				
1	1383319200000	39	0.8005762932537924	0.42580130139858297	0.38711516584910527	0.4892532833081524	11.859376246935199
1	1383319200000	40				0.026137424264286602	
1	1383319200000	41	0.0017873101054994376				
1	1383319800000	0	0.052274848528573205			0.02730046487718618	
1	1383319800000	39	0.5089512350153412	0.4792016499933607	0.5101142756282409	0.6656902822287607	10.503021298826292
1	1383319800000	46					0.0017873101054994376
1	1383320400000	0	0.2405132503227776				
1	1383320400000	212				0.0017873101054994376	
1	1383320400000	39	0.6642332059522656	0.3395779781444305	0.5463512910329242	0.46195281843096614	12.109230020326583
1	1383320400000	46					0.0017873101054994376
1	1383320400000	48			0.026137424264286602		
1	1383321000000	0	0.18823840179420437				
1	1383321000000	39	0.49515398474495037	0.6471178305877764	0.5948805226058982	0.7618901577043147	11.196208823563337
1	1383321000000	41			0.0017873101054994376		
1	1383321600000	0	0.27371441663676177		0.02730046487718618		
1	1383321600000	39	0.5218301801295367	0.46070427944576653	0.627089645051583	0.7311005709884298	13.01936553018591
1	1383322200000	0	0.21491459717879072				
1	1383322200000	39	0.49033082554875185	0.30387973386004685	0.5409038623441257	0.7779279908282045	14.80450832857721
1	1383322800000	0	0.2209007969878889				
1	1383322800000	355				0.026137424264286602	
1	1383322800000	39	0.6553821537970685	0.44225486672377734	0.7137287005070402	0.5155617043170393	12.893954840808675
1	1383322800000	46					0.026137424264286602
1	1383323400000	0	0.10982612900134457				
1	1383323400000	39	0.35570130964062047	0.30280219161944744	0.86930470710756	0.4869272020823532	12.923053033070271
1	1383324000000	0	0.29216382935875096				
1	1383324000000	39	0.3485520692186227	0.2962772206900495	0.5788426894820085	0.4922891323988515	11.062812483032818
1	1383324600000	0	0.08610028433515728				
1	1383324600000	39	0.4382269737647789	0.21553886667139058	0.5225399479944367	0.5985406411891973	11.56435798250926
1	1383325200000	0	0.24113751981537745				
1	1383325200000	39	0.7802540720540038	0.4484496038241708	0.4352766230463799	0.41566416971149117	11.275255783127706
1	1383325800000	0	0.23756289960437857				
1	1383325800000	33			0.02730046487718618		
1	1383325800000	39	0.5949660209781984	0.2405132503227776	0.7310150726161297	0.6200259030018854	13.864074045296691
1	1383326400000	0	0.2957384495697498				
1	1383326400000	373				0.026137424264286602	
1	1383326400000	39	0.45605211699416814	0.3961747552955976	0.5385777811183265	0.6181530945240858	19.834697028563475
1	1383327000000	0	0.4863029325897533				
1	1383327000000	39	0.5457270215403243	0.6405928596583784	0.46498866752166534	0.674002563263658	15.673640696558882
1	1383327000000	46					0.026137424264286602
1	1383327600000	0	0.2352368183785794				
1	1383327600000	39	0.6122148525405928	0.7594785781062154	0.4335748113131806	0.6788257224598566	12.682293704909503
1	1383328200000	0	0.2713028370386625				
1	1383328200000	39	0.5552023431881212	0.6277139145441829	0.6595810435006673	0.6948635555837465	14.830485173375804
1	1383328200000	40	0.052274848528573205				
1	1383328200000	46					0.026137424264286602
1	1383328800000	0	0.3771010730810086			0.026137424264286602	
1	1383328800000	39	0.43000019110218174	0.2714738337832628	0.5434009403145251	0.5189653277834378	12.060909326044905
1	1383328800000	46					0.026137424264286602
1	1383329400000	0	0.1638882876354172				
1	1383329400000	355			0.026137424264286602		
1	1383329400000	39	0.640886895321974	0.3498006082038224	0.3532897300425212	0.540365091223826	13.152095114348457
1	1383329400000	46					0.0017873101054994376
1	1383330000000	0	0.16442705875571695				
1	1383330000000	39	0.3645523617958175	0.6100118102337889	0.43295054182058074	0.6857184677649539	12.427761988180022
1	1383330000000	48	0.026137424264286602	0.026137424264286602			
1	1383330600000	0	0.2754162283699611				
1	1383330600000	34				0.02730046487718618	
1	1383330600000	39	0.29278809885135076	0.45015141555737015	0.21911348688238946	0.5426911724496252	14.947412584973543
1	1383331200000	0	0.21500009555109087			0.052274848528573205	
1	1383331200000	39	0.3544527706554208	0.6888773557746483	0.3491763387112226	0.6746268327562579	13.352844686881157
1	1383331800000	0	0.10571273767004599			0.05460092975437236	
1	1383331800000	39	0.500686911806049	0.3598147009719191	0.3788883831865081	0.5475143316458237	13.929275796765067
1	1383332400000	0	0.13658782275823106				
1	1383332400000	39	0.32366318393953586	0.2524001515686738	0.16210097752991778	0.3082496203082459	11.655110429296016
1	1383332400000	48		0.026137424264286602			
1	1383333000000	0	0.11518805931784287			0.0017873101054994376	
1	1383333000000	33	0.026137424264286602	0.026137424264286602			
1	1383333000000	355				0.026137424264286602	
1	1383333000000	39	0.4132525901133919	0.48460112085655405	0.30110037988624816	0.48513989197685375	11.257307600979324
1	1383333600000	0	0.27192710653126234				
1	1383333600000	39	0.9149690863344351	0.37236341225711017	0.1870753611813048	0.4002881466268962	12.201364462296445
1	1383334200000	0	0.1110746679865443				
1	1383334200000	39	0.727525950777431	0.49827533220794973	0.4667759776271648	0.5149374348244393	12.566860910134956
1	1383334800000	0	0.2446266416540762				
1	1383334800000	39	0.4288371504892821	0.29752575967524925	0.5635521647697135	0.7197524408628333	12.33636309496156
1	1383334800000	48	0.026137424264286602	0.0017873101054994376			
1	1383335400000	0	0.1110746679865443		0.02730046487718618		
1	1383335400000	39	0.6770384123543571	0.5380390099980268	0.32295341607463585	0.40797615816919364	12.0741560455348
1	1383336000000	0	0.11045039849394443				
1	1383336000000	39	0.5213769073815371	0.342112596661525	0.058799819457971095	0.3545382690277209	12.077522128454502
1	1383336600000	0	0.08431297422965783				
1	1383336600000	359	0.02730046487718618				
1	1383336600000	39	0.5055100710022475	0.41512539859119135	0.3254504940450353	0.270225294798063	10.875345828155421
1	1383336600000	41			0.02730046487718618		
1	1383337200000	0	0.1870753611813048				
1	1383337200000	33	0.02730046487718618				
1	1383337200000	359	0.02730046487718618				
1	1383337200000	39	0.4667759776271648	0.4632013574161659	0.29395113946425033	0.3978765670287969	9.142831631442089
1	1383337800000	0	0.10750004777554542				
1	1383337800000	39	0.5409038623441257	0.3746894934829093	0.32536499567273514	0.14194975307472935	9.96664656001477
1	1383338400000	0	0.05522519924697222				
1	1383338400000	20				0.026137424264286602	
1	1383338400000	39	0.5640909358900132	0.4572151576070677	0.21911348688238944	0.21500009555109087	8.967376259110873
1	1383339000000	0	0.08190139463155853	0.026137424264286602			
1	1383339000000	39	0.9822897241185989	0.21375155656589112	0.13363747203983203	0.0563882398598718	10.367670255393064
1	1383339600000	39	0.329649383748634	0.3308124243615336	0.15977489630411862	0.11098916961424417	10.943808671994663
1	1383339600000	48	0.026137424264286602				
1	1383340200000	0	0.13828963449143034			0.02730046487718618	
1	1383340200000	39	0.27604049786256096	0.320088563728537	0.2440023721614763	0.1887771729145041	10.656712737288816
1	1383340800000	0	0.026137424264286602				
1	1383340800000	39	0.2678137151999638	0.11045039849394445	0.1348005126527316	0.07841227279285981	10.58849731366885
1	1383341400000	0	0.11045039849394443				
1	1383341400000	39	0.6645272416158612	0.45077568504996995	0.10571273767004599	0.1900257118997038	9.717906527029395
1	1383342000000	0	0.1579875861986192				
1	1383342000000	39	0.2654876339741646	0.499267376076249	0.08190139463155853	0.3497151098315223	9.142527178499586
1	1383342600000	0	0.1579875861986192				
1	1383342600000	39	0.4340280840611801	0.2446266416540762	0.05522519924697222	0.21258851595299155	7.898361981164516
1	1383343200000	0	0.13185016193433258				
1	1383343200000	359		0.02730046487718618			
1	1383343200000	39	0.5950515193504985	0.24712371962447563	0.108663088388445	0.26370032386866515	8.635192256845144
1	1383343800000	0	0.026137424264286602				
1	1383343800000	39	0.37182464113681046	0.3172237113824381	0.10803881889584513	0.07957531340575938	10.659124316886915
1	1383344400000	0	0.07841227279285981			0.026137424264286602	
1	1383344400000	39	0.05343788914147278	0.21375155656589112	0.05406215863407264	0.07841227279285981	9.063345420356026
1	1383345000000	0	0.026137424264286602				
1	1383345000000	1	0.026137424264286602				
1	1383345000000	39	0.34622598799282356	0.2939511394642504	0.003574620210998875	0.052274848528573205	9.272482355017013
1	1383345600000	0	0.02730046487718618			0.026137424264286602	
1	1383345600000	39	0.111613439106844	0.05701250935247165	0.026137424264286602	0.10687577828294556	7.957519157719276
1	1383346200000	0	0.130687121321433				
1	1383346200000	39	0.3985008365213968	0.3497151098315223	0.05343788914147278	0.026137424264286602	13.228099411490609
10	1383260400000	0	0.06748016875424571				
10	1383260400000	39	0.05086995311166747	0.06934905155529009	0.13496033750849143	0.05730617813191222	6.374815042815886
10	1383261000000	0	0.12043297769490396			0.010173990622333493	
10	1383261000000	33					0.02865308906595611
10	1383261000000	39	0.15717720155420278	0.04069596248933397	0.10817613124357969	0.13891207613852657	6.52491834372713
10	1383261600000	0	0.0388270796882896				
10	1383261600000	39	0.15904608435524714	0.061043943734000954	0.0878281499989127	0.020347981244666986	6.068525459006149
10	1383262200000	0	0.02865308906595611				
10	1383262200000	39	0.3565176178375651	0.09987102342229055	0.010173990622333493	0.0388270796882896	5.119292628677982
10	1383262800000	0	0.010173990622333493				
10	1383262800000	39	0.14264984174061532	0.07121793435633444	0.0388270796882896	0.06312679956299175	4.702057994644738
10	1383263400000	0	0.03842544912707082				
10	1383263400000	39	0.04859943974940431	0.15677557099298398	0.024299719874702155	0.010173990622333493	4.753591938873793
10	1383264000000	0	0.02865308906595611				
10	1383264000000	39	0.06934905155529009	0.06748016875424571	0.0388270796882896		4.783615505123129
10	1383264600000	0	0.010173990622333493				
10	1383264600000	39	0.136427589748317	0.02865308906595611	0.014125729252368662	0.020347981244666986	5.171886302006025
10	1383265200000	39	0.14700321093186927	0.1164812390648688	0.05917506093295659	0.02865308906595611	3.993965416255353
10	1383265800000	0	0.010173990622333493			0.010173990622333493	
10	1383265800000	39	0.20430938906378152	0.11981737410573877	0.010173990622333493	0.04900107031062309	3.9987467315025
10	1383266400000	0	0.02865308906595611				
10	1383266400000	39	0.08742651943769392	0.05917506093295659			4.343810764011178
10	1383267000000	0	0.010173990622333493				
10	1383267000000	39	0.0388270796882896	0.0878281499989127			4.101905502437438
10	1383267600000	0	0.042377187757105986				
10	1383267600000	39	0.11607960850365003	0.0388270796882896	0.014125729252368662		4.264287721833554
10	1383268200000	39		0.0388270796882896		0.010173990622333493	4.392951104326851
10	1383268800000	39	0.010173990622333493	0.020347981244666986	0.02865308906595611		3.7607185055358974
10	1383269400000	0	0.010173990622333493				
10	1383269400000	39	0.020347981244666986	0.020347981244666986		0.010173990622333493	4.446707174389946
10	1383270000000	39	0.0878281499989127	0.0388270796882896		0.0388270796882896	3.9785380202628824
10	1383270000000	49					0.010173990622333493
10	1383270600000	0	0.014125729252368662				
10	1383270600000	39	0.010173990622333493	0.010173990622333493		0.02865308906595611	3.7603168749746785
10	1383271200000	0	0.010173990622333493				
10	1383271200000	39	0.08969703279995705	0.09987102342229055		0.02865308906595611	3.6402855278409936
10	1383271800000	39	0.11004501404462405	0.10173990622333494			3.4377966340500334
10	1383272400000	39	0.04069596248933397	0.05917506093295659	0.014125729252368662		3.6357928886446897
10	1383273000000	39	0.11191389684566841	0.05730617813191222			3.3298828633626227
10	1383273600000	39	0.04900107031062309	0.0388270796882896			2.786656990759565
10	1383274200000	39	0.07121793435633444	0.08969703279995705			3.213262354292705
10	1383274800000	39	0.05917506093295659	0.06748016875424571			3.3714084024690685
10	1383275400000	39	0.10817613124357969	0.04069596248933397			3.198022615833506
10	1383276000000	39					2.782753639657752
10	1383276600000	39		0.08595926719786832			3.20486047141497
10	1383277200000	39		0.010173990622333493			3.1734342199079606
10	1383277800000	39	0.05730617813191222	0.1368292203095358		0.02865308906595611	3.46631045311094
10	1383278400000	0	0.02865308906595611				
10	1383278400000	39	0.02865308906595611	0.02865308906595611	0.02865308906595611	0.02865308906595611	3.63344767225953
10	1383278400000	46					0.02865308906595611
10	1383279000000	39		0.030521971867000477			3.0760697549094287
10	1383279600000	39	0.05730617813191222	0.08595926719786832			3.8866935646517815
10	1383280200000	39	0.02865308906595611			0.08595926719786832	3.606764484512189
10	1383280800000	39					3.433679309920275
10	1383281400000	0	0.010173990622333493			0.05730617813191222	
10	1383281400000	39				0.010173990622333493	3.4135716171982287
10	1383282000000	39	0.02865308906595611	0.010173990622333493		0.04277881831832477	3.6396699242518284
10	1383282600000	39				0.02865308906595611	3.471917101514073
10	1383283200000	0	0.010173990622333493				
10	1383283200000	39	0.02865308906595611		0.020347981244666986	0.014125729252368662	3.2125236601524194
10	1383283800000	0				0.010173990622333493	
10	1383283800000	39		0.024299719874702155	0.02865308906595611		3.79748904488987
10	1383284400000	0	0.05730617813191222				
10	1383284400000	39	0.014125729252368662	0.014125729252368662	0.08595926719786832		3.688483337029179
10	1383285000000	0	0.02865308906595611				
10	1383285000000	39	0.0388270796882896	0.05730617813191222	0.05730617813191222	0.05730617813191222	3.507595703694765
10	1383285000000	40				0.02865308906595611	
10	1383285600000	0	0.05917506093295659				
10	1383285600000	39	0.04900107031062309	0.05730617813191222	0.0388270796882896	0.04900107031062309	4.198204345757363
10	1383286200000	0	0.02865308906595611				
10	1383286200000	39	0.010173990622333493		0.06748016875424571	0.08595926719786832	3.8518301595863313
10	1383286800000	0	0.04900107031062309				
10	1383286800000	39	0.09573162725898304	0.0388270796882896	0.014125729252368662	0.06748016875424571	3.796611080744536
10	1383287400000	39	0.11212786987361484	0.010173990622333493	0.034473710497035646	0.0388270796882896	4.76570362274045
10	1383287400000	420	0.02865308906595611				
10	1383288000000	39	0.12478634688615793	0.05730617813191222	0.014125729252368662	0.05086995311166747	4.259811262091181
10	1383288600000	0	0.020347981244666986				
10	1383288600000	39	0.04900107031062309	0.05730617813191222	0.05730617813191222	0.0388270796882896	4.86779677199678
10	1383289200000	0	0.22860910893848366				
10	1383289200000	39	0.3446887174421337	0.19226651564040365	0.11461235626382443	0.06748016875424571	5.838522151732244
10	1383289800000	0	0.06894742099407129		0.04277881831832477		
10	1383289800000	39	0.14433106700838735	0.0388270796882896	0.0776541593765792	0.2412675859510267	5.37652261860813
10	1383290400000	0	0.11835012186591318		0.02865308906595611		
10	1383290400000	39	0.4661389292874216	0.18209252501807013	0.1266552296872023	0.05730617813191222	5.19412948154641
10	1383291000000	0	0.21261449688507061				
10	1383291000000	39	0.10195387925128135	0.1777391558268162	0.16735119217653627	0.19373376788022922	6.0505168015670225
10	1383291600000	0	0.25539331520339537	0.010173990622333493			
10	1383291600000	39	0.3004426468839833	0.3780968062605625	0.1451343281308249	0.2514415765733602	6.043228927896118
10	1383292200000	0	0.13247585111828183				
10	1383292200000	355				0.02865308906595611	
10	1383292200000	39	0.4165222553876334	0.17378741719678104	0.10817613124357969	0.11835012186591318	7.140871897874952
10	1383292800000	0	0.30626326831506284				
10	1383292800000	39	0.3286941053887206	0.12478634688615793	0.36752118507701026	0.3126994933353076	7.278605397824498
10	1383293400000	0	0.19995601987252754				
10	1383293400000	39	0.16321179601322874	0.16112894018423793	0.27761017924910675	0.4374858402214655	6.813007369103343
10	1383294000000	0	0.02865308906595611				
10	1383294000000	39	0.37374343706930857	0.20182490267357192	0.29982704329481813	0.3573471944546767	6.735240255216388
10	1383294000000	40	0.010173990622333493				
10	1383294000000	44				0.02865308906595611	
10	1383294000000	46					0.02865308906595611
10	1383294600000	0	0.1777391558268162				
10	1383294600000	39	0.3330474745799746	0.2510399460121414	0.21221286632385183	0.4991453875446317	7.152212528693464
10	1383295200000	0	0.24708820738210627				
10	1383295200000	33					0.02865308906595611
10	1383295200000	39	0.4800506855118439	0.5151399995980448	0.5699616913397474	0.3984447875052295	7.939919031737299
10	1383295800000	0	0.1879131464491497				
10	1383295800000	33					0.02865308906595611
10	1383295800000	39	0.4800506855118439	0.35299382526342277	0.468007812088466	0.6646276969201237	7.402846600683262
10	1383296400000	0	0.30981337638387924		0.010173990622333493	0.02865308906595611	
10	1383296400000	359	0.02865308906595611	0.010173990622333493			
10	1383296400000	39	0.4923075319631682	0.4715579201572824	0.4603183078563421	0.5128694862357817	8.978094021271207
10	1383296400000	49				0.010173990622333493	
10	1383297000000	0	0.31248552030736115				
10	1383297000000	39	0.7663676031434585	0.6091904015892557	0.5151399995980448	0.7379284871054489	7.284020145233232
10	1383297600000	0	0.13060696831723745		0.010173990622333493	0.010173990622333493	
10	1383297600000	359	0.014125729252368662				
10	1383297600000	39	0.5330034944525022	0.5836857900308972	0.6436641120862914	0.6334901214639579	7.818997784465475
10	1383298200000	0	0.2840464042693515				
10	1383298200000	33					0.02865308906595611
10	1383298200000	359		0.014125729252368662			
10	1383298200000	39	0.4659249562594752	0.3290957359499394	0.49190590140194934	1.0012252795689145	7.823197504149809
10	1383298200000	40				0.02865308906595611	
10	1383298800000	0	0.31456837613635197				
10	1383298800000	39	0.44912708308362465	0.46431843401460005	0.6559209585376157	0.6907962995958701	7.88611457414598
10	1383298800000	41	0.02865308906595611		0.02865308906595611	0.010173990622333493	
10	1383298800000	49					0.010173990622333493
10	1383299400000	0	0.34864045607216887				
10	1383299400000	39	0.607771536877653	0.35526433862568596	0.51909173822808	0.43211523687982756	9.133376024529692
10	1383299400000	41	0.02865308906595611				
10	1383300000000	0	0.05917506093295659				
10	1383300000000	39	0.5097430807617327	0.34612965418728514	0.5452603409038264	0.44952871364484337	7.455177913455135
10	1383300000000	86	0.014125729252368662				
10	1383300600000	0	0.25539331520339537				
10	1383300600000	39	0.5502777012124684	0.37561231987035293	0.5844890511533348	0.7647126933703606	8.48579497623029
10	1383301200000	0	0.26992067501698286				
10	1383301200000	355				0.02865308906595611	
10	1383301200000	39	0.4782301902390223	0.37312783348014333	0.5423742239523981	0.6048370323980018	8.576474440763707
10	1383301200000	46					0.02865308906595611
10	1383301800000	0	0.15926005738319357				
10	1383301800000	39	0.3596177078169399	0.3004426468839833	0.6025665190357387	0.3841314007195885	7.583584827971881
10	1383301800000	49					0.010173990622333493
10	1383302400000	0	0.29857376408293895				
10	1383302400000	32	0.010173990622333493				
10	1383302400000	39	0.5863579339543792	0.7952346652373611	0.4144393995586425	0.5556483045541063	7.427792483102927
10	1383303000000	0	0.2840464042693515				
10	1383303000000	39	0.54504636787588	0.4107016339565538	0.7371252259830112	0.4763129199097551	7.483278165962018
10	1383303000000	41			0.010173990622333493		
10	1383303600000	0	0.2597466843946493				
10	1383303600000	39	0.5697477183118009	0.3837034546636956	0.49417641476421253	0.5394397194727469	8.304279803313907
10	1383304200000	0	0.23691421675977278				
10	1383304200000	39	0.3918209049517124	0.3266112495597298	0.5923925284134052	0.5882268167554235	7.140169655270086
10	1383304800000	0	0.15095494956190447				
10	1383304800000	39	0.504350405386546	0.19955438931130876	0.5612549529572395	0.5207466480011779	7.357490764379406
10	1383305400000	0	0.21261449688507061				
10	1383305400000	355				0.02865308906595611	
10	1383305400000	39	0.698485803827994	0.3835157971304233	0.4516115694738342	0.5986147804057035	7.908283050663469
10	1383306000000	0	0.38017966208955334			0.030521971867000477	
10	1383306000000	20				0.08595926719786832	
10	1383306000000	355			0.02865308906595611		
10	1383306000000	380				0.020347981244666986	
10	1383306000000	39	0.7041187677258012	0.5471292237048708	0.38143294130143246	0.29608927769272936	8.829327189516992
10	1383306000000	46					0.02865308906595611
10	1383306600000	0	0.20057162346169274			0.010173990622333493	
10	1383306600000	370	0.02865308906595611			0.02865308906595611	
10	1383306600000	39	0.4291807324001764	0.19808713707148318	0.27574129644806233	0.25539331520339537	7.6070855301852704
10	1383307200000	0	0.3374008437712286			0.02865308906595611	
10	1383307200000	20				0.11461235626382443	
10	1383307200000	39	0.3043943855140185	0.156775570992984	0.4165222553876334	0.3758262928982994	7.05832346874085
10	1383307200000	45			0.010173990622333493		
10	1383307200000	46					0.02865308906595611
10	1383307800000	0	0.26992067501698286				
10	1383307800000	39	0.26121393663447495	0.4945780453254313	0.3120838897461424	0.2902686562616498	8.34955928747637
10	1383308400000	0	0.13496033750849143				
10	1383308400000	39	0.5558359620873787	0.5699616913397474	0.19808713707148318	0.2057766413036071	7.466470156745423
10	1383309000000	0	0.034473710497035646				
10	1383309000000	39	0.36335547341902863	0.3920085624849847	0.39825712997195717	0.30874775470527244	7.932818815599666
10	1383309000000	44		0.010173990622333493			
10	1383309000000	48			0.02865308906595611		
10	1383309600000	0	0.10630724844253531				
10	1383309600000	39	0.4732128299303803	0.4061342917373534	0.4065622377932463	0.4107016339565538	8.390325709527477
10	1383310200000	0	0.20244050626273713				
10	1383310200000	39	0.6409656526681353	0.29112030491231017	0.30399275495279965	0.5851046547425	9.066489387331062
10	1383310200000	41			0.010173990622333493		
10	1383310800000	0	0.26805179221593844			0.0388270796882896	
10	1383310800000	20				0.0388270796882896	
10	1383310800000	357	0.02865308906595611				
10	1383310800000	39	0.371258950679099	0.5925801859466775	0.31189623221287	0.3374008437712286	9.683361600620763
10	1383310800000	44				0.02865308906595611	
10	1383310800000	48			0.02865308906595611		
10	1383311400000	0	0.18396140781911452				
10	1383311400000	39	0.4206616515509408	0.5126555132078351	0.2840464042693515	0.3845330312808073	8.848417648088652
10	1383312000000	0	0.04464770111936914				
10	1383312000000	39	0.46904711827239876	0.2857013140424495	0.3635694464469751	0.330562988189765	8.755725787288018
10	1383312600000	0	0.0878281499989127				
10	1383312600000	39	0.41630828235968687	0.5965319245767127	0.26992067501698286	0.32474236675868545	11.435314763431213
10	1383313200000	0	0.0878281499989127			0.010173990622333493	
10	1383313200000	20				0.02865308906595611	
10	1383313200000	39	0.39865876053317595	0.28009466563931634	0.43814983133885355	0.4208756245788873	8.217111400971257
10	1383313800000	0	0.273872413647018				
10	1383313800000	357	0.02865308906595611				
10	1383313800000	39	0.18334580422994928	0.06934905155529009	0.26663292750433565	0.4246397056756501	10.416607196654006
10	1383314400000	0	0.14326544532978056				
10	1383314400000	380				0.010173990622333493	
10	1383314400000	39	0.468007812088466	0.32682522258767627	0.34135258240126376	0.3780968062605625	9.465600609462745
10	1383315000000	0	0.024299719874702155				
10	1383315000000	33					0.02865308906595611
10	1383315000000	39	0.27761017924910675	0.3290957359499394	0.3627661853245375	0.2815619178791419	8.172909474480205
10	1383315600000	0	0.2597466843946493				
10	1383315600000	39	0.24708820738210627	0.3428198346410893	0.35152657302359724	0.537356863643756	9.255643876999287
10	1383316200000	0	0.15926005738319357				
10	1383316200000	34			0.014125729252368662		
10	1383316200000	39	0.41465337258658896	0.31083061053426325	0.4734268029583268	0.3903536527118868	10.091636477365505
10	1383316800000	0	0.1451343281308249				
10	1383316800000	39	0.3820485448905977	0.3783107792885089	0.22674022613743927	0.38559865295941403	8.338508981827196
10	1383317400000	0	0.15343943595211404				
10	1383317400000	39	0.4127844897855446	0.27574129644806233	0.3939037607807032	0.5674772049495378	8.805027469642289
10	1383318000000	0	0.16361342657444755				
10	1383318000000	34	0.028251458504737325				
10	1383318000000	39	0.6341057250531231	0.3718745542682642	0.3693900678780546	0.4354029843924747	7.69238669884537
10	1383318600000	0	0.06748016875424571				
10	1383318600000	39	0.4225568498466593	0.3043943855140185	0.19373376788022922	0.3718745542682642	7.435102428807381
10	1383318600000	46					0.02865308906595611
10	1383319200000	0	0.17960803862786057				
10	1383319200000	39	0.7541370721868084	0.43668257909902797	0.2630828194355193	0.35921607725572113	7.816678883574989
10	1383319200000	40				0.02865308906595611	
10	1383319800000	0	0.07143190738428087			0.010173990622333493	
10	1383319800000	39	0.43353410159143035	0.30231152968502767	0.41505500314780774	0.5641410699086679	6.726018931762287
10	1383320400000	0	0.20244050626273713				
10	1383320400000	39	0.34199025802397764	0.20142327211235314	0.4676061815272472	0.34904208663338765	7.74752338213259
10	1383320400000	48			0.02865308906595611		
10	1383321000000	0	0.17338578663556223				
10	1383321000000	39	0.3363836096208445	0.34052300578415207	0.4140377689974237	0.608788771028037	7.804415993710478
10	1383321600000	0	0.18978202925019405		0.010173990622333493		
10	1383321600000	39	0.35632996030429276	0.2979581604937737	0.5448587103426077	0.625800617231834	8.063950505029242
10	1383322200000	0	0.15095494956190444				
10	1383322200000	39	0.271173954228862	0.14016535535040572	0.38391742769164205	0.684172417042353	9.265416237060403
10	1383322800000	0	0.1553083187531584				
10	1383322800000	355				0.02865308906595611	
10	1383322800000	39	0.3974275533548455	0.2605983330453097	0.5851530422707228	0.47049229847867563	8.034756515397017
10	1383322800000	46					0.02865308906595611
10	1383323400000	0	0.07330079018532525				
10	1383323400000	39	0.33224421345753696	0.19995601987252754	0.6353590042650022	0.410300003395335	7.73984581389327
10	1383324000000	0	0.2412675859510267				
10	1383324000000	39	0.289867025700431	0.23256084756851883	0.47991141550679434	0.3820485448905977	7.260655263954338
10	1383324600000	0	0.04900107031062309				
10	1383324600000	39	0.32474236675868545	0.16943404800552705	0.4019948955740459	0.4553493350759229	7.4431231040389525
10	1383325200000	0	0.22091960470635974				
10	1383325200000	39	0.6048370323980018	0.4501443172340086	0.3573471944546767	0.33846646544983533	6.516088514793502
10	1383325800000	0	0.2350453339587284				
10	1383325800000	33			0.010173990622333493		
10	1383325800000	39	0.4270978765711856	0.2165662355151058	0.5986147804057035	0.5720445471687382	8.849043387718563
10	1383326400000	0	0.2412675859510267				
10	1383326400000	373				0.02865308906595611	
10	1383326400000	39	0.3718745542682642	0.39283813910209636	0.43500135383125593	0.5024815225855016	10.298764972889495
10	1383327000000	0	0.34944371719460643				
10	1383327000000	39	0.43500135383125593	0.37312783348014333	0.38600028352063287	0.5456619714650452	8.659521275515473
10	1383327000000	46					0.02865308906595611
10	1383327600000	0	0.25787780159360496				
10	1383327600000	39	0.40861877812756303	0.5761839433320457	0.4410359482902819	0.5684944390999218	6.854122790726319
10	1383328200000	0	0.15717720155420278				
10	1383328200000	39	0.4404203447011167	0.5068348917767556	0.43003238105083674	0.6438780851142378	8.454338165767481
10	1383328200000	40	0.05730617813191222				
10	1383328200000	46					0.02865308906595611
10	1383328800000	0	0.30874775470527244			0.02865308906595611	
10	1383328800000	39	0.39865876053317595	0.3245547092254131	0.47195955071850115	0.38786916632167723	7.12461492526537
10	1383328800000	46					0.02865308906595611
10	1383329400000	0	0.13060696831723748				
10	1383329400000	355			0.02865308906595611		
10	1383329400000	39	0.6137577438084562	0.32682522258767627	0.2572621980044397	0.435001353831256	7.4974115877460665
10	1383330000000	0	0.09364877142999223				
10	1383330000000	39	0.2344297303695632	0.6177094824384913	0.3660539328371847	0.4021825531073182	7.847051449396195
10	1383330000000	48	0.02865308906595611	0.02865308906595611			
10	1383330600000	0	0.13434473391932622				
10	1383330600000	34				0.010173990622333493	
10	1383330600000	39	0.273872413647018	0.40883275115550943	0.1835597772578957	0.38391742769164205	8.63127406047186
10	1383331200000	0	0.19226651564040365			0.05730617813191222	
10	1383331200000	39	0.2670345580655545	0.5971475281658779	0.294220394891685	0.5782667991610365	7.642545915876891
10	1383331800000	0	0.09613325782020182			0.020347981244666986	
10	1383331800000	39	0.44725820028258023	0.2246573703084485	0.3511249424623784	0.4208756245788873	7.877966564902164
10	1383332400000	0	0.10630724844253531				
10	1383332400000	39	0.2840464042693515	0.22633859557622052	0.1164812390648688	0.31189623221287	7.178070383284818
10	1383332400000	48		0.02865308906595611			
10	1383333000000	0	0.05917506093295659				
10	1383333000000	33	0.02865308906595611	0.02865308906595611			
10	1383333000000	355				0.02865308906595611	
10	1383333000000	39	0.27761017924910675	0.40488101252547426	0.269519044455764	0.3820485448905977	6.381578195374452
10	1383333600000	0	0.1756562999978254				
10	1383333600000	39	0.6415812562573007	0.3272268531488951	0.16361342657444755	0.37000567146721985	6.863824691225663
10	1383334200000	0	0.11025898707257048				
10	1383334200000	39	0.6540520757365713	0.41465337258658896	0.38600028352063287	0.4661389292874216	7.326798963551556
10	1383334800000	0	0.1654823093754919				
10	1383334800000	39	0.40301212972442985	0.2412675859510267	0.48213354134083464	0.6073215187882114	7.81355247810094
10	1383334800000	48	0.02865308906595611				
10	1383335400000	0	0.09613325782020182		0.010173990622333493		
10	1383335400000	39	0.5967458976046591	0.4578338214661325	0.21013001049486102	0.3330474745799746	7.0125838304482
10	1383336000000	0	0.0776541593765792				
10	1383336000000	39	0.40634826476529984	0.3920348779796588	0.052952808940658264	0.28009466563931634	6.813265486198388
10	1383336600000	0	0.06312679956299176				
10	1383336600000	33				0.014125729252368662	
10	1383336600000	359	0.010173990622333493				
10	1383336600000	39	0.48421639716982545	0.34717320383234324	0.2981721335217202	0.2734707830857992	6.018057136455701
10	1383336600000	41			0.010173990622333493		
10	1383337200000	0	0.16361342657444755				
10	1383337200000	33	0.010173990622333493				
10	1383337200000	359	0.010173990622333493				
10	1383337200000	39	0.35774882501589556	0.3718745542682642	0.2412675859510267	0.37977803152833456	5.765558425125985
10	1383337800000	0	0.09613325782020182				
10	1383337800000	39	0.38391742769164205	0.3043943855140185	0.22860910893848366	0.10630724844253531	5.9689210396011525
10	1383338400000	0	0.0388270796882896				
10	1383338400000	20				0.02865308906595611	
10	1383338400000	39	0.44517534445358947	0.36752118507701026	0.16943404800552705	0.2063922448927723	5.8069930817556035
10	1383339000000	0	0.030521971867000477	0.02865308906595611			
10	1383339000000	39	0.8753733110041498	0.1553083187531584	0.12478634688615793	0.034473710497035646	5.9443810312038305
10	1383339600000	39	0.30252550271297407	0.26992067501698286	0.15343943595211404	0.04069596248933397	6.4197675994400285
10	1383339600000	48	0.02865308906595611				
10	1383340200000	0	0.05086995311166747			0.010173990622333493	
10	1383340200000	39	0.15282383236294883	0.26992067501698286	0.16112894018423793	0.10817613124357969	6.192133229703325
10	1383340800000	0	0.02865308906595611				
10	1383340800000	39	0.22674022613743927	0.0776541593765792	0.10630724844253531	0.1283364549549743	6.445774860077178
10	1383341400000	0	0.0776541593765792				
10	1383341400000	39	0.5826201683522905	0.4131861203467634	0.09613325782020182	0.1451343281308249	5.939277031879486
10	1383342000000	0	0.15343943595211404				
10	1383342000000	39	0.2778241522770532	0.28529968348123064	0.030521971867000477	0.2572621980044397	6.564551128046922
10	1383342600000	0	0.15343943595211404				
10	1383342600000	39	0.2921375390626942	0.1654823093754919	0.052952808940658264	0.17378741719678104	4.934768248259051
10	1383343200000	0	0.12478634688615793				
10	1383343200000	359		0.010173990622333493			
10	1383343200000	39	0.4825351719020534	0.23939870314998235	0.0776541593765792	0.2778241522770532	5.299730243922955
10	1383343800000	0	0.02865308906595611				
10	1383343800000	39	0.36418505003614027	0.3720885272962106	0.05917506093295659	0.06748016875424571	6.111732223380367
10	1383344400000	0	0.08595926719786832			0.02865308906595611	
10	1383344400000	39	0.0388270796882896	0.1553083187531584	0.05730617813191222	0.10008499645023698	5.019106613710175
10	1383345000000	0	0.02865308906595611				
10	1383345000000	1	0.02865308906595611				
10	1383345000000	39	0.3126994933353076	0.25539331520339537		0.05730617813191222	5.322649350573533
10	1383345600000	0	0.010173990622333493			0.02865308906595611	
10	1383345600000	39	0.07330079018532525	0.06707853819302693	0.02865308906595611	0.0776541593765792	4.820081188972329
10	1383346200000	0	0.1573911745821492				
10	1383346200000	39	0.3841314007195885	0.2713879272568084	0.0388270796882896	0.02865308906595611	6.886985735517355
100	1383260400000	0	0.004229945055975969				
100	1383260400000	39	0.3652791413561569	0.08154850965667432	0.1614078672144711	0.08154850965667432	12.449144809611354
100	1383260400000	49					0.04077425482833716
100	1383261000000	39	0.04077425482833716			0.1614078672144711	13.166189875532648
100	1383261000000	44		0.04077425482833716			
100	1383261600000	0	0.08408930261377273				
100	1383261600000	39	0.08154850965667432	0.04077425482833716	0.04077425482833716	0.1614078672144711	11.482386758423406
100	1383262200000	0	0.12063361238613392				
100	1383262200000	20				0.04077425482833716	
100	1383262200000	39	0.2429563768711454	0.04077425482833716	0.07985935755779676	0.12063361238613392	11.750915021232991
100	1383262800000	39	0.12063361238613392		0.08154850965667432	0.08154850965667432	13.019984377208075
100	1383262800000	41			0.07985935755779676		
100	1383263400000	0	0.07985935755779676				
100	1383263400000	39		0.12063361238613392	0.1614078672144711	0.12232276448501149	11.271758875886212
100	1383263400000	46					0.08154850965667432
100	1383264000000	0	0.04077425482833716				
100	1383264000000	212	0.04077425482833716				
100	1383264000000	39	0.04077425482833716	0.07985935755779676	0.04077425482833716	0.08408930261377273	9.84865529749511
100	1383264600000	0	0.04077425482833716				
100	1383264600000	39		0.07985935755779676	0.1614078672144711	0.12655270954098746	10.483065608446232
100	1383265200000	0	0.04077425482833716				
100	1383265200000	39	0.12232276448501149	0.04077425482833716	0.12063361238613392		7.744433926552133
100	1383265800000	0	0.12063361238613392				
100	1383265800000	39	0.04077425482833716		0.12063361238613392	0.07985935755779676	7.875202451531532
100	1383266400000	39	0.08154850965667432	0.1614078672144711	0.24126722477226784	0.08154850965667432	7.951683504891573
100	1383267000000	39			0.04077425482833716	0.04077425482833716	7.239705895266912
100	1383267600000	0	0.04077425482833716				
100	1383267600000	39	0.08154850965667432	0.12232276448501149		0.04077425482833716	7.392668001986996
100	1383268200000	39	0.04077425482833716	0.07985935755779676	0.04077425482833716	0.08154850965667432	8.63471092438004
100	1383268800000	39	0.28373063169948254	0.1614078672144711	0.04077425482833716	0.08154850965667432	9.338242773510313
100	1383269400000	39			0.08154850965667432	0.08154850965667432	9.147884716159647
100	1383270000000	0	0.04077425482833716				
100	1383270000000	33					0.04077425482833716
100	1383270000000	39	0.04077425482833716	0.1614078672144711	0.08154850965667432	0.04077425482833716	7.829360740406562
100	1383270600000	39	0.08154850965667432	0.04077425482833716			10.466408691912733
100	1383271200000	0	0.08154850965667432				
100	1383271200000	39	0.07985935755779676	0.15971871511559352		0.12232276448501149	8.016340493559472
100	1383271800000	39	0.23957807267339026	0.07985935755779676			9.92428470999693
100	1383271800000	46					0.04077425482833716
100	1383272400000	34	0.04077425482833716				
100	1383272400000	39	0.04077425482833716	0.08154850965667432			10.026337649295412
100	1383273000000	0	0.07985935755779676			0.08154850965667432	
100	1383273000000	39	0.12232276448501149	0.07985935755779676	0.04077425482833716	0.07985935755779676	9.270207480644657
100	1383273600000	33					0.07985935755779676
100	1383273600000	39	0.12232276448501149	0.07985935755779676	0.04077425482833716	0.04077425482833716	9.78000296822651
100	1383274200000	39	0.04077425482833716	0.04077425482833716			10.349153383724353
100	1383274800000	39	0.04077425482833716		0.12232276448501149		13.069438996986076
100	1383275400000	0	0.004229945055975969				
100	1383275400000	39			0.08154850965667432		11.183453757834025
100	1383276000000	0	0.04077425482833716				
100	1383276000000	39	0.31943743023118704		0.1614078672144711	0.16309701931334863	9.829222983549236
100	1383276600000	39			0.04077425482833716		8.587180061156191
100	1383277200000	33					0.04077425482833716
100	1383277200000	39	0.12063361238613392	0.282041479600605	0.04077425482833716		11.784932667665817
100	1383277800000	39	0.3211265823300646		0.1614078672144711		12.146833504824219
100	1383278400000	39	0.12063361238613392	0.04077425482833716	0.2429563768711454		10.279428938759821
100	1383278400000	43					0.04077425482833716
100	1383279000000	39	0.12232276448501149	0.04077425482833716	0.08154850965667432	0.04077425482833716	9.948167443836493
100	1383279600000	39	0.04077425482833716	0.04077425482833716	0.1614078672144711		10.547957201569407
100	1383280200000	39			0.04077425482833716	0.04077425482833716	10.901412278233419
100	1383280800000	39			0.08154850965667432	0.08154850965667432	11.139301198807933
100	1383281400000	0	0.07985935755779676				
100	1383281400000	39		0.04077425482833716	0.12232276448501149		11.106972704473984
100	1383282000000	39	0.12232276448501149	0.08154850965667432	0.04077425482833716	0.24126722477226784	12.67858796969148
100	1383282600000	20				0.07985935755779676	
100	1383282600000	39		0.04077425482833716	0.04077425482833716	0.12232276448501149	18.926433136742556
100	1383283200000	33	0.07985935755779676				
100	1383283200000	39				0.08154850965667432	20.605168797555166
100	1383283800000	39			0.08154850965667432		18.929576836485033
100	1383284400000	0	0.07985935755779676				
100	1383284400000	39	0.07985935755779676	0.07985935755779676	0.12232276448501149	0.04077425482833716	13.822190861439074
100	1383284400000	41					0.07985935755779676
100	1383285000000	0	0.07985935755779676				
100	1383285000000	33					0.04077425482833716
100	1383285000000	39	0.08154850965667432	0.3652791413561569	0.12063361238613392	0.08154850965667432	15.336140350839457
100	1383285600000	0	0.04077425482833716			0.12655270954098746	
100	1383285600000	39	0.04077425482833716		0.08154850965667432	0.1614078672144711	14.34212126161419
100	1383285600000	48			0.07985935755779676		
100	1383285600000	49					0.04077425482833716
100	1383286200000	0	0.04077425482833716				
100	1383286200000	39	0.04077425482833716		0.12232276448501149	0.04077425482833716	18.58143795019049
100	1383286200000	49					0.04077425482833716
100	1383286200000	7					0.04077425482833716
100	1383286800000	33					0.04077425482833716
100	1383286800000	39	0.04077425482833716	0.1614078672144711	0.08154850965667432		18.420867594216677
100	1383286800000	49					0.04077425482833716
100	1383287400000	0				0.08154850965667432	
100	1383287400000	39	0.04077425482833716		0.24126722477226784	0.08154850965667432	21.03149201892619
100	1383287400000	49					0.04077425482833716
100	1383288000000	39	0.12063361238613392	0.08154850965667432	0.20049296994393068	0.12063361238613392	18.25862221576155
100	1383288600000	0	0.07985935755779676				
100	1383288600000	39	0.07985935755779676	0.04077425482833716		0.2429563768711454	20.221074378656077
100	1383288600000	48			0.04077425482833716		
100	1383289200000	0	0.28627142465658095			0.004229945055975969	
100	1383289200000	33					0.04077425482833716
100	1383289200000	39	0.16563781227044705	0.20049296994393068	0.28035232750172745	0.12486355744210989	25.301433920119997
100	1383289200000	46					0.08154850965667432
100	1383289200000	49	0.07985935755779676				
100	1383289200000	82					0.12063361238613392
100	1383289800000	0	0.08831924766974869				
100	1383289800000	33					0.04077425482833716
100	1383289800000	39	0.12486355744210989	0.08408930261377273	0.12063361238613392	0.04077425482833716	17.014876011652067
100	1383289800000	48	0.07985935755779676	0.07985935755779676			
100	1383290400000	0	0.004229945055975969			0.07985935755779676	
100	1383290400000	39	0.44176019471619854	0.36696829345503446	0.12063361238613392	0.1673269643693246	28.655526937547464
100	1383290400000	46					0.04077425482833716
100	1383290400000	82	0.07985935755779676				
100	1383291000000	0	0.4400710426173209			0.07985935755779676	
100	1383291000000	39	0.44682765101283123	0.8231074754380384	0.24126722477226784	0.36190083715840177	28.30038270878457
100	1383291600000	0	0.28373063169948254				
100	1383291600000	33					0.04077425482833716
100	1383291600000	39	0.20218212204280825	0.4050377989588182	0.07985935755779676	0.3661307822143777	23.102767859132275
100	1383291600000	49					0.04077425482833716
100	1383292200000	0	0.04077425482833716				
100	1383292200000	33					0.04077425482833716
100	1383292200000	39	0.2896497288543361	0.45951748618075916	0.08154850965667432	0.1614078672144711	24.92071780541867
100	1383292800000	0	0.24126722477226784				
100	1383292800000	33					0.04077425482833716
100	1383292800000	39	0.1614078672144711	0.3228157344289422	0.3228157344289422	0.3245048865278197	40.78377976928403
100	1383292800000	420			0.04077425482833716		
100	1383292800000	48			0.15971871511559352		
100	1383293400000	0	0.6464831097161051				
100	1383293400000	33					0.004229945055975969
100	1383293400000	39	0.5742320014120395	0.2429563768711454	0.3635899892572793	0.4434493468150761	57.462575563788974
100	1383293400000	43	0.15971871511559352				
100	1383294000000	0	0.3211265823300646			0.04077425482833716	
100	1383294000000	33					0.04077425482833716
100	1383294000000	39	0.601478909831792	0.12063361238613392	1.2471103786896762	0.3228157344289422	52.76691334800952
100	1383294000000	46					0.23957807267339026
100	1383294600000	0	0.29387967391031206				
100	1383294600000	33					0.04077425482833716
100	1383294600000	370			0.04077425482833716	0.04077425482833716	
100	1383294600000	39	0.6830274194884663	0.15971871511559352	0.7645759291451406	0.56408295920121	45.92541799521809
100	1383294600000	46					0.04077425482833716
100	1383295200000	0	0.20895286005588262				
100	1383295200000	33					0.04077425482833716
100	1383295200000	34					0.04077425482833716
100	1383295200000	39	0.4510575960688072	0.2429563768711454	0.6439423167590067	0.8835203894323971	36.54785551452304
100	1383295200000	40	0.07985935755779676				
100	1383295200000	421	0.04077425482833716				
100	1383295200000	47				0.04077425482833716	
100	1383295800000	0	0.24972711488421978				
100	1383295800000	33					0.04077425482833716
100	1383295800000	373				0.04077425482833716	
100	1383295800000	39	0.44682765101283123	0.6847165715873439	0.9276729484584894	0.4459901397721745	38.29524350460426
100	1383295800000	47			0.04077425482833716	0.04077425482833716	
100	1383295800000	49					0.04077425482833716
100	1383296400000	0	0.6031680619306695				
100	1383296400000	33					0.1614078672144711
100	1383296400000	39	0.6847165715873439	0.9564309229921003	0.3652791413561569	0.8868986936301522	38.80249819922901
100	1383296400000	82			0.07985935755779676		
100	1383297000000	0	0.12655270954098746				
100	1383297000000	33			0.07985935755779676		0.08154850965667432
100	1383297000000	39	0.48422360164341327	0.3652791413561569	0.4901426987982668	0.5742320014120395	32.39685807361649
100	1383297000000	41					0.12063361238613392
100	1383297000000	46					0.04077425482833716
100	1383297000000	48			0.04077425482833716		
100	1383297600000	0	0.40690503704271486				
100	1383297600000	33					0.08154850965667432
100	1383297600000	39	0.28373063169948254	0.4077425482833716	0.7662650812440182	0.5292278015277263	36.00742068470612
100	1383297600000	48			0.12063361238613392	0.04077425482833716	
100	1383297600000	49					0.12063361238613392
100	1383298200000	0	0.4926834917553652				
100	1383298200000	33					0.04077425482833716
100	1383298200000	39	0.2038712741416858	0.4434493468150761	0.8036610318746003	0.7713325375406509	45.396807230093316
100	1383298200000	48			0.08154850965667432		
100	1383298200000	49					0.04077425482833716
100	1383298800000	0	0.4926834917553652				
100	1383298800000	20	0.08154850965667432				
100	1383298800000	33					0.04077425482833716
100	1383298800000	34					0.07985935755779676
100	1383298800000	39	0.3720498793692313	0.526687008570628	0.8036610318746003	0.9684472032868265	44.2158225173327
100	1383298800000	41		0.07985935755779676			0.04077425482833716
100	1383298800000	48					0.04077425482833716
100	1383299400000	0	0.4459901397721745			0.12063361238613392	
100	1383299400000	1					0.07985935755779676
100	1383299400000	33					0.04077425482833716
100	1383299400000	34					0.07985935755779676
100	1383299400000	39	0.9616905948913161	0.6864057236862215	0.6473206209567619	1.1340850155572735	41.255944701780024
100	1383299400000	41					0.12063361238613392
100	1383300000000	0	0.08154850965667432				
100	1383300000000	39	0.24464552897002298	0.6473206209567619	0.9676096920461698	0.8868986936301522	28.126916172422682
100	1383300000000	41			0.07985935755779676		
100	1383300600000	0	0.17155690942530058			0.07985935755779676	
100	1383300600000	33			0.04077425482833716		0.20218212204280825
100	1383300600000	39	0.5657721113000875	0.5233087043728728	0.5292278015277263	0.7755624825966269	47.82829475535892
100	1383300600000	41					0.20049296994393068
100	1383300600000	46					0.08154850965667432
100	1383301200000	0	0.22502099942156564				
100	1383301200000	33					0.04077425482833716
100	1383301200000	39	0.6090871590855231	0.48084529744565807	1.007532306016286	0.8495027429995701	52.15529952558446
100	1383301200000	41			0.04077425482833716		0.07985935755779676
100	1383301800000	0	0.13078265459696342	0.07985935755779676			
100	1383301800000	1	0.07985935755779676				
100	1383301800000	33					0.04077425482833716
100	1383301800000	39	0.29219052181143446	0.20049296994393068	0.9302137414155877	0.5700020563560635	33.74771054370353
100	1383301800000	41			0.04077425482833716		
100	1383301800000	86				0.07985935755779676	
100	1383302400000	0	0.24126722477226784	0.07985935755779676			
100	1383302400000	33					0.12232276448501149
100	1383302400000	34	0.04077425482833716				
100	1383302400000	352	0.07985935755779676				
100	1383302400000	39	0.5725428493131619	0.21487195721073615	0.4859127537422908	0.6456314688578844	44.006032146036155
100	1383302400000	47					0.07985935755779676
100	1383302400000	852	0.07985935755779676				
100	1383302400000	86					0.07985935755779676
100	1383303000000	0	0.2845822725577034				
100	1383303000000	20	0.04077425482833716				
100	1383303000000	33		0.07985935755779676			0.07985935755779676
100	1383303000000	39	0.3635899892572793	0.28035232750172745	0.41028334124047	0.8053501839734778	51.08711970111854
100	1383303000000	41				0.07985935755779676	0.07985935755779676
100	1383303000000	81					0.07985935755779676
100	1383303600000	0	0.3661307822143777				
100	1383303600000	33					0.08154850965667432
100	1383303600000	39	0.7704950262999941	0.16309701931334863	0.6515505660127379	0.8868986936301522	37.92235611399437
100	1383303600000	41					0.23957807267339026
100	1383304200000	0	0.2905013697125569				
100	1383304200000	20				0.04077425482833716	
100	1383304200000	39	0.28541978379836014	0.3635899892572793	0.4434493468150761	0.5700020563560635	48.494430653858615
100	1383304800000	0	0.28627142465658095				
100	1383304800000	1					0.04077425482833716
100	1383304800000	32					0.04077425482833716
100	1383304800000	33					0.08154850965667432
100	1383304800000	34	0.04077425482833716				0.12063361238613392
100	1383304800000	39	0.32619403862669727	0.16309701931334863	0.571691208454941	0.6439423167590067	52.786566136793105
100	1383304800000	41					0.08154850965667432
100	1383305400000	0	0.08154850965667432				
100	1383305400000	33					0.04077425482833716
100	1383305400000	39	0.40690503704271486	0.1614078672144711	0.7221125222179259	0.56408295920121	49.829860280218035
100	1383305400000	46				0.07985935755779676	
100	1383305400000	90	0.04077425482833716				
100	1383306000000	0	0.07985935755779676				
100	1383306000000	1					0.15971871511559352
100	1383306000000	33	0.07985935755779676				0.08154850965667432
100	1383306000000	39	0.44682765101283123	0.1614078672144711	0.20218212204280825	0.56408295920121	41.878162645708905
100	1383306000000	48			0.04077425482833716	0.04077425482833716	
100	1383306600000	0	0.24887547402599894				
100	1383306600000	1	0.07985935755779676				
100	1383306600000	33					0.04077425482833716
100	1383306600000	39	0.20218212204280825	0.31943743023118704	0.6456314688578844	0.8053501839734778	55.5467884936425
100	1383306600000	48			0.07985935755779676		
100	1383307200000	1					0.07985935755779676
100	1383307200000	20				0.04077425482833716	
100	1383307200000	33		0.04077425482833716			0.04077425482833716
100	1383307200000	39	0.5623938071023324	0.3635899892572793	0.4043642440856165	0.6456314688578844	29.28426688541657
100	1383307200000	48				0.04077425482833716	
100	1383307800000	0	0.09254919272572466				
100	1383307800000	33	0.15971871511559352	0.07985935755779676			0.04077425482833716
100	1383307800000	39	0.24718632192712137	0.3228157344289422	0.4043642440856165	0.4052158849438373	18.068250028793322
100	1383307800000	48			0.04077425482833716		
100	1383308400000	0	0.23957807267339026				
100	1383308400000	216			0.07985935755779676		
100	1383308400000	33	0.07985935755779676	0.07985935755779676			0.04077425482833716
100	1383308400000	39	0.1614078672144711	0.12232276448501149	0.3228157344289422	0.3635899892572793	14.929852350199686
100	1383308400000	48			0.08154850965667432		
100	1383309000000	0	0.04077425482833716			0.04077425482833716	
100	1383309000000	33					0.12232276448501149
100	1383309000000	39	0.36696829345503446	0.20218212204280825	0.24464552897002298	0.44513849891395363	15.29367694391224
100	1383309600000	0	0.004229945055975969				
100	1383309600000	39	0.09000839976862626		0.48253444954453567	0.4043642440856165	22.25495426823158
100	1383310200000	0	0.0492341449402891				
100	1383310200000	33					0.20218212204280825
100	1383310200000	39	0.08154850965667432	0.1614078672144711	0.282041479600605	0.4434493468150761	16.155003751603953
100	1383310200000	44		0.04077425482833716			
100	1383310200000	48			0.07985935755779676		
100	1383310800000	0	0.04500419988431313			0.08154850965667432	
100	1383310800000	212	0.04077425482833716				
100	1383310800000	33					0.04077425482833716
100	1383310800000	39	0.3635899892572793	0.08154850965667432	0.44513849891395363	0.20049296994393068	13.633521956187288
100	1383310800000	48			0.07985935755779676		
100	1383310800000	91				0.04077425482833716	
100	1383311400000	0	0.16563781227044705				
100	1383311400000	32					0.04077425482833716
100	1383311400000	33					0.12063361238613392
100	1383311400000	39	0.2429563768711454	0.1614078672144711	0.24126722477226784	0.3228157344289422	12.969926850644693
100	1383312000000	0	0.12655270954098746				
100	1383312000000	39	0.13078265459696342	0.5997897577329144	0.3652791413561569	0.5249978564717503	13.752466416474542
100	1383312000000	44		0.04077425482833716			
100	1383312000000	852					0.07985935755779676
100	1383312600000	0	0.24126722477226784				
100	1383312600000	1					0.12063361238613392
100	1383312600000	33					0.04500419988431313
100	1383312600000	39	0.4026750919867389	0.12063361238613392	0.28541978379836014	0.08154850965667432	18.112402587819414
100	1383313200000	0	0.29219052181143446				
100	1383313200000	39	0.12063361238613392	0.08154850965667432	0.2429563768711454	0.24126722477226784	14.71246785926698
100	1383313800000	0	0.16309701931334863				
100	1383313800000	27	0.04077425482833716				
100	1383313800000	33					0.08154850965667432
100	1383313800000	39	0.12232276448501149	0.04077425482833716	0.1614078672144711	0.32704567948491814	18.79711915940676
100	1383313800000	49					0.04077425482833716
100	1383314400000	0	0.1350125996529394				
100	1383314400000	34			0.04077425482833716		
100	1383314400000	39	0.12232276448501149	0.1614078672144711	0.3635899892572793	0.2429563768711454	18.389376611123385
100	1383314400000	49	0.07985935755779676	0.07985935755779676			0.08154850965667432
100	1383314400000	94	0.04077425482833716				
100	1383315000000	0	0.08154850965667432				
100	1383315000000	39	0.3635899892572793	0.12232276448501149	0.24126722477226784	0.2038712741416858	18.84887996768658
100	1383315000000	420					0.04077425482833716
100	1383315000000	48			0.07985935755779676		
100	1383315600000	0	0.1614078672144711		0.07985935755779676		
100	1383315600000	380	0.04077425482833716	0.04077425482833716			
100	1383315600000	39	0.1614078672144711	0.2038712741416858	0.24718632192712137		21.78086557918143
100	1383315600000	48	0.08154850965667432				
100	1383316200000	0	0.07985935755779676				
100	1383316200000	33					0.04077425482833716
100	1383316200000	358	0.15971871511559352				
100	1383316200000	39	0.2038712741416858	0.1614078672144711	0.48084529744565807	0.12063361238613392	21.23198498887012
100	1383316200000	48		0.04077425482833716			
100	1383316800000	0	0.04500419988431313			0.004229945055975969	
100	1383316800000	39	0.48422360164341327	0.282041479600605	0.2429563768711454		16.642605657445124
100	1383317400000	0	0.07985935755779676			0.04077425482833716	
100	1383317400000	33					0.04077425482833716
100	1383317400000	39	0.5258494973299712	0.07985935755779676	0.2531054190819749	0.28627142465658095	18.317963014059977
100	1383317400000	41	0.07985935755779676				
100	1383317400000	49					0.04077425482833716
100	1383318000000	0	0.12063361238613392			0.12063361238613392	
100	1383318000000	39	0.3635899892572793	0.4485168031117088	0.24126722477226784	0.28373063169948254	12.43225328862258
100	1383318000000	421					0.04077425482833716
100	1383318600000	0	0.1614078672144711				
100	1383318600000	33					0.04077425482833716
100	1383318600000	39	0.6422531646601292	0.12232276448501149	0.282041479600605	0.6405640125612515	13.845001479582702
100	1383318600000	46					0.004229945055975969
100	1383319200000	0	0.20810121919766175			0.07985935755779676	
100	1383319200000	33					0.04077425482833716
100	1383319200000	34		0.07985935755779676			
100	1383319200000	39	0.8801420852346418	0.5590155029045772	0.3652791413561569	0.48084529744565807	19.208240011887884
100	1383319200000	48				0.04077425482833716	
100	1383319200000	86	0.04077425482833716				
100	1383319800000	0	0.16309701931334863			0.04077425482833716	
100	1383319800000	39	0.16309701931334863	0.2038712741416858	0.6880948757850991	0.48760190584116836	15.922182287326075
100	1383320400000	0	0.04077425482833716				
100	1383320400000	32					0.04077425482833716
100	1383320400000	33					0.04077425482833716
100	1383320400000	34	0.04077425482833716				
100	1383320400000	39	0.4026750919867389	0.6490097730556394	0.3287348315837957	0.282041479600605	21.11472968068174
100	1383320400000	48	0.07985935755779676	0.12063361238613392	0.15971871511559352		
100	1383321000000	0	0.12655270954098746				
100	1383321000000	216				0.07985935755779676	
100	1383321000000	33					0.04077425482833716
100	1383321000000	39	0.3245048865278197	0.24126722477226784	0.36696829345503446	0.20641206709878424	17.62986813827488
100	1383321000000	48					0.04077425482833716
100	1383321600000	0	0.04500419988431313				
100	1383321600000	33					0.04077425482833716
100	1383321600000	39	0.4026750919867389	0.2429563768711454	0.44513849891395363	0.6864057236862215	13.48900560996159
100	1383322200000	0	0.169867757326423				
100	1383322200000	33					0.04077425482833716
100	1383322200000	39	0.24464552897002298	0.04500419988431313	0.530916953626604	0.24464552897002298	14.967248300830269
100	1383322200000	40				0.04077425482833716	
100	1383322200000	41					0.12063361238613392
100	1383322800000	0	0.2106420121547602				
100	1383322800000	32					0.04077425482833716
100	1383322800000	33					0.04077425482833716
100	1383322800000	39	0.1614078672144711	0.21487195721073615	0.5233087043728728	0.7271799785145586	14.462520269545049
100	1383322800000	41			0.04077425482833716		
100	1383322800000	44	0.04077425482833716				
100	1383323400000	0	0.2106420121547602			0.04077425482833716	
100	1383323400000	33					0.04077425482833716
100	1383323400000	34			0.07985935755779676		
100	1383323400000	39	0.20810121919766175	0.20049296994393068	0.7747249713559701	0.44176019471619854	14.206050675882883
100	1383324000000	0	0.2514162669830973				
100	1383324000000	33					0.04077425482833716
100	1383324000000	39	0.36190083715840177	0.48253444954453567	0.44176019471619854	0.3652791413561569	14.662175728248322
100	1383324000000	44					0.12063361238613392
100	1383324000000	49					0.04077425482833716
100	1383324600000	0	0.16309701931334863		0.07985935755779676		
100	1383324600000	33					0.07985935755779676
100	1383324600000	39	0.44513849891395363	0.12232276448501149	0.5623938071023324	0.4859127537422908	16.300974645473254
100	1383324600000	40					0.04077425482833716
100	1383324600000	44					0.07985935755779676
100	1383325200000	0	0.13078265459696342				
100	1383325200000	33	0.15971871511559352				0.04077425482833716
100	1383325200000	39	0.20641206709878424	0.04077425482833716	0.526687008570628	0.3245048865278197	27.105870649615373
100	1383325200000	48		0.04077425482833716			
100	1383325800000	0	0.5674612633989651				
100	1383325800000	39	0.4859127537422908	0.3245048865278197	0.28373063169948254	0.44176019471619854	26.810081348768474
100	1383325800000	48	0.04077425482833716				
100	1383325800000	49					0.04077425482833716
100	1383326400000	0	0.04500419988431313				
100	1383326400000	1					0.04077425482833716
100	1383326400000	39	0.526687008570628	0.6048572140295472	0.7280316193727795	0.7654275700033615	18.008660496422056
100	1383326400000	41		0.04077425482833716			
100	1383326400000	48		0.04077425482833716			
100	1383326400000	49					0.08154850965667432
100	1383327000000	0	0.12063361238613392				
100	1383327000000	33	0.07985935755779676				
100	1383327000000	39	0.24718632192712137	0.20218212204280825	0.4859127537422908	0.3287348315837957	24.987063946185447
100	1383327000000	41	0.04077425482833716				
100	1383327600000	0	0.20810121919766175				
100	1383327600000	39	0.13078265459696342	0.4400710426173209	0.4901426987982668	0.5283761606695055	18.244022753657035
100	1383328200000	0	0.16309701931334863				
100	1383328200000	33			0.04077425482833716		0.04077425482833716
100	1383328200000	39	0.3312756245408941	0.44513849891395363	0.4400710426173209	0.3720498793692313	22.069663667177547
100	1383328800000	0	0.1375533926100378				
100	1383328800000	33					0.04077425482833716
100	1383328800000	39	0.30233956402226403	0.16309701931334863	0.36696829345503446	0.6031680619306695	17.877891971442658
100	1383328800000	41					0.12063361238613392
100	1383328800000	49					0.04077425482833716
100	1383329400000	0	0.1614078672144711				
100	1383329400000	33					0.12232276448501149
100	1383329400000	39	0.4026750919867389	0.20218212204280825	0.4043642440856165	0.2454971698282438	14.758309570391951
100	1383329400000	53		0.07985935755779676			
100	1383330000000	0	0.004229945055975969				
100	1383330000000	39	0.16309701931334863	0.56408295920121	1.0483065608446231	0.36190083715840177	15.553524841772163
100	1383330600000	0	0.08577845471265029				
100	1383330600000	20				0.04077425482833716	
100	1383330600000	33					0.04077425482833716
100	1383330600000	359			0.04077425482833716		
100	1383330600000	39	0.20810121919766175	0.2038712741416858	0.48253444954453567	0.48422360164341327	12.535760775564663
100	1383330600000	48			0.04077425482833716		
100	1383331200000	0	0.04500419988431313				
100	1383331200000	39	0.24887547402599894	0.36190083715840177	0.04077425482833716	0.36190083715840177	12.45252311380911
100	1383331800000	33					0.04077425482833716
100	1383331800000	373				0.04077425482833716	
100	1383331800000	39	0.3635899892572793	0.28373063169948254	0.24464552897002298	0.12063361238613392	11.40928400926112
100	1383332400000	0	0.04077425482833716				
100	1383332400000	33					0.04077425482833716
100	1383332400000	39	0.3228157344289422	0.20218212204280825		0.28035232750172745	11.72788392825165
100	1383332400000	40				0.04077425482833716	
100	1383332400000	48			0.07985935755779676		
100	1383333000000	0	0.08154850965667432				
100	1383333000000	33					0.04077425482833716
100	1383333000000	39	0.48929105794004596	0.24464552897002298	0.12063361238613392	0.5249978564717503	11.288650396874985
100	1383333600000	0	0.24718632192712137				
100	1383333600000	39	0.20218212204280825	0.04077425482833716	0.15971871511559352	0.3228157344289422	12.362528843658048
100	1383333600000	41					0.07985935755779676
100	1383333600000	46					0.04077425482833716
100	1383333600000	48			0.04077425482833716		
100	1383334200000	0	0.08154850965667432				
100	1383334200000	31			0.04077425482833716		
100	1383334200000	33					0.04077425482833716
100	1383334200000	39	0.6116138224250574	0.12232276448501149	0.4043642440856165	0.282041479600605	9.278653241139047
100	1383334800000	0	0.04077425482833716				
100	1383334800000	32					0.04077425482833716
100	1383334800000	33					0.04077425482833716
100	1383334800000	39	0.16563781227044705	0.20218212204280825		0.3652791413561569	9.226054921618566
100	1383335400000	0	0.12063361238613392				
100	1383335400000	30	0.04077425482833716				
100	1383335400000	39	0.4043642440856165	0.3245048865278197	0.24126722477226784	0.1614078672144711	11.349929081345127
100	1383336000000	0	0.08154850965667432				
100	1383336000000	1					0.04077425482833716
100	1383336000000	33					0.08154850965667432
100	1383336000000	34			0.04077425482833716		
100	1383336000000	39	0.7322474348111913	0.6099246703261798	0.6456314688578844	0.2038712741416858	10.041540018185309
100	1383336000000	46					0.04077425482833716
100	1383336000000	48	0.04077425482833716				
100	1383336600000	0	0.2064120670987842			0.04077425482833716	
100	1383336600000	39	0.28373063169948254	0.20218212204280825	0.12063361238613392	0.12232276448501149	9.353445142400211
100	1383336600000	49					0.04077425482833716
100	1383337200000	0	0.28541978379836014				
100	1383337200000	39	0.3635899892572793	0.48760190584116836	0.1614078672144711	0.2429563768711454	10.082314273013647
100	1383337200000	48	0.04077425482833716	0.04077425482833716			
100	1383337200000	49					0.08154850965667432
100	1383337800000	0	0.12232276448501149				
100	1383337800000	33					0.04077425482833716
100	1383337800000	39	0.3635899892572793	0.6490097730556394	0.20218212204280825	0.12232276448501149	9.813786010204062
100	1383337800000	46					0.04077425482833716
100	1383337800000	48			0.04077425482833716		
100	1383338400000	0	0.04077425482833716			0.04077425482833716	
100	1383338400000	33		0.04077425482833716			0.04077425482833716
100	1383338400000	39	0.1614078672144711	0.1614078672144711	0.36190083715840177	0.1614078672144711	10.519007011433214
100	1383338400000	49					0.04077425482833716
100	1383339000000	0	0.08577845471265029				
100	1383339000000	33					0.04077425482833716
100	1383339000000	39	0.24887547402599894	0.08154850965667432	0.1614078672144711	0.2429563768711454	13.801686431797267
100	1383339600000	0	0.2845822725577034			0.04077425482833716	
100	1383339600000	212				0.04077425482833716	
100	1383339600000	39	0.39929678778898375	0.4434493468150761	0.12063361238613392	0.15971871511559352	9.915853079120108
100	1383340200000	0	0.2480379627853422				
100	1383340200000	212	0.04077425482833716				
100	1383340200000	39	0.20049296994393068	0.20049296994393068	0.20218212204280825	0.40098593988786135	10.687171487043194
100	1383340800000	0	0.04500419988431313				
100	1383340800000	1					0.07985935755779676
100	1383340800000	39	0.04077425482833716	0.23957807267339026	0.12232276448501149	0.282041479600605	9.456952629342293
100	1383341400000	0	0.08154850965667432				
100	1383341400000	33					0.04077425482833716
100	1383341400000	39	0.1614078672144711	0.15971871511559352	0.04077425482833716	0.04077425482833716	9.805340249709674
100	1383342000000	39	0.16309701931334863		0.16309701931334863	0.20218212204280825	8.03829947084488
100	1383342600000	0	0.16309701931334863			0.04077425482833716	
100	1383342600000	39	0.16309701931334863	0.04077425482833716	0.04077425482833716		11.477319302126773
100	1383342600000	46					0.04077425482833716
100	1383343200000	0	0.07985935755779676				
100	1383343200000	33					0.04077425482833716
100	1383343200000	39		0.04077425482833716	0.04077425482833716	0.08154850965667432	7.475905663742548
100	1383343800000	33					0.04077425482833716
100	1383343800000	39	0.04077425482833716		0.2429563768711454	0.08154850965667432	7.718862040613693
100	1383344400000	0	0.04077425482833716				
100	1383344400000	39		0.16309701931334863	0.04077425482833716	0.08154850965667432	6.801324004748469
100	1383345000000	212			0.04077425482833716		
100	1383345000000	39	0.20641206709878424	0.28373063169948254	0.04077425482833716	0.07985935755779676	7.479283967940303
100	1383345600000	33					0.04077425482833716
100	1383345600000	39	0.12063361238613392	0.07985935755779676	0.04077425482833716	0.004229945055975969	6.675622936065704
100	1383346200000	0	0.04077425482833716			0.04077425482833716	
100	1383346200000	33					0.04077425482833716
100	1383346200000	39			0.08408930261377273		5.792102546633306
1000	1383260400000	0	0.08372112256521426				
1000	1383260400000	39	0.4004979850711726	0.4004979850711726	0.08372112256521426	0.15403295814540907	22.413610729571126
1000	1383261000000	0	0.23051102960866382				
1000	1383261000000	39	1.1797033324420942	0.6947635344826901	0.21093550674058445	0.43006957343943447	11.024508231758453
1000	1383261600000	0	0.21551254114787027				
1000	1383261600000	39	0.32764143915889754	0.3240199136079178	0.15041143259442932	0.34678270645059855	11.0872389652767
1000	1383262200000	0	0.08009959701423451			0.1302022171068819	
1000	1383262200000	39	0.08009959701423451	0.3994389038983794	0.3044443907398384	0.31168744184179786	11.613448484411661
1000	1383262800000	0	0.0036215255509797514				
1000	1383262800000	39	0.29103510375481895	0.5963314310344763		0.23413255515964357	9.946572180170927
1000	1383263400000	0	0.08734264811619401				
1000	1383263400000	39	0.14062367116038962	0.31423215217387807	0.0036215255509797514	0.036172079827700224	12.460828917987486
1000	1383264000000	39	0.08009959701423451	0.08009959701423451	0.14424519671136937	0.0036215255509797514	12.968601198938815
1000	1383264600000	33					0.07031183558019481
1000	1383264600000	39	0.15041143259442932			0.07031183558019481	9.93756657852545
1000	1383265200000	33					0.14062367116038962
1000	1383265200000	39	0.08009959701423451	0.0036215255509797514	0.0036215255509797514	0.08009959701423451	7.773106468066346
1000	1383265800000	0				0.0036215255509797514	
1000	1383265800000	33					0.07031183558019481
1000	1383265800000	39	0.032550554276720475	0.0036215255509797514	0.08734264811619401		10.38617803529616
1000	1383266400000	39	0.007243051101959503				9.530546232675336
1000	1383267000000	0				0.08009959701423451	
1000	1383267000000	39			0.16382071957944877	0.007243051101959503	7.206243053083645
1000	1383267600000	39	0.28124734232077925				8.303007422749086
1000	1383268200000	0	0.007243051101959503				
1000	1383268200000	39	0.07031183558019481	0.08009959701423451			6.888059764930051
1000	1383268800000	39	0.0036215255509797514				6.373756682668528
1000	1383269400000	39		0.007243051101959503		0.0036215255509797514	6.187815729888919
1000	1383270000000	39	0.0036215255509797514				6.949660654295105
1000	1383270600000	39					6.224786630720134
1000	1383271200000	39					11.38439571651154
1000	1383271800000	0	0.08009959701423451				
1000	1383271800000	39			0.08009959701423451		8.652742580640998
1000	1383272400000	39		0.007243051101959503			7.891253781130695
1000	1383272400000	49					0.0036215255509797514
1000	1383273000000	0	0.007243051101959503				
1000	1383273000000	39		0.007243051101959503			7.347587414567052
1000	1383273600000	39					6.392976080640724
1000	1383274200000	39		0.007243051101959503		0.08372112256521426	5.3030986371813595
1000	1383274800000	39	0.08009959701423451	0.08009959701423451	0.0036215255509797514		6.761922195973581
1000	1383275400000	39		0.08009959701423451			7.055145885164597
1000	1383276000000	39	0.08009959701423451	0.08009959701423451			18.42716454150698
1000	1383276600000	39	0.07031183558019481				14.85721492423414
1000	1383277200000	39				0.08009959701423451	11.984964631670355
1000	1383277800000	39	0.08009959701423451			0.08009959701423451	4.976204402812625
1000	1383278400000	39		0.07031183558019481			5.485088453981252
1000	1383279000000	39		0.48059758208540704	0.07031183558019481	0.07031183558019481	4.835607246119381
1000	1383279600000	39	0.0036215255509797514	0.0036215255509797514			5.3872373541080005
1000	1383280200000	39		0.07031183558019481	0.07031183558019481		4.40574597674609
1000	1383280800000	39			0.08372112256521426		4.564477275661378
1000	1383281400000	39			0.08009959701423451	0.007243051101959503	4.5576253044537
1000	1383282000000	39					5.85732648443635
1000	1383282600000	39		0.08009959701423451			5.336501041395886
1000	1383283200000	39		0.08009959701423451	0.08009959701423451		5.876510927410149
1000	1383283800000	39	0.07031183558019481		0.0036215255509797514		5.211796412554196
1000	1383284400000	0	0.08009959701423451				
1000	1383284400000	20				0.08009959701423451	
1000	1383284400000	39	0.40114054471369376		0.07755488668215431	0.08372112256521426	5.399569825874121
1000	1383285000000	39	0.642594281655793	0.28124734232077925		0.08372112256521426	4.928368925328472
1000	1383285600000	0	0.032550554276720475				
1000	1383285600000	39	0.07393336113117456	0.771632685840226	0.15403295814540907	0.08372112256521426	6.457113239806606
1000	1383286200000	0	0.010864576652939256				
1000	1383286200000	39	0.07755488668215431	0.15403295814540907	0.0036215255509797514		5.337186776720504
1000	1383286800000	0	0.24029879104270352				
1000	1383286800000	20				0.0036215255509797514	
1000	1383286800000	39	0.08734264811619401			0.07755488668215431	6.673858857534368